183
182
183
183
183
183
195
224
240
242
246
255
255
255
255
255
255
244
219
206
193
192
187
184
184
184
184
174
150
143
138
130
129
129
129
129
131
139
159
173
182
194
204
210
219
226
227
234
250
250
249
249
249
248
249
248
231
213
200
189
171
166
160
148
144
144
144
144
144
145
154
168
189
201
212
222
224
228
231
234
233
233
233
233
228
198
179
157
146
127
110
110
110
111
125
151
178
191
199
206
217
220
219
219
218
218
218
218
218
218
218
218
218
218
218
218
218
218
218
218
218
218
218
218
218
218
218
218
218
218
218
